%YAML:1.0
---
R: !!opencv-matrix
   rows: 3
   cols: 3
   dt: d
   data: [ 9.9997149582007883e-01, 4.8210099105817578e-03,
       5.8108012180958738e-03, -4.8866654218067693e-03,
       9.9992378064158749e-01, 1.1338139551511776e-02,
       -5.7556970394097434e-03, -1.1366211808527505e-02,
       9.9991883729666486e-01 ]
T: !!opencv-matrix
   rows: 3
   cols: 1
   dt: d
   data: [ -3.3427086938262143e+00, 4.6825921300101291e-02,
       3.6523407401693221e-03 ]
R1: !!opencv-matrix
   rows: 3
   cols: 3
   dt: d
   data: [ 9.9994753473813536e-01, -9.1729741846967878e-03,
       4.5589818745291610e-03, 9.1468618061928252e-03,
       9.9994183001783732e-01, 5.7158988511711107e-03,
       -4.6111484712389452e-03, -5.6738985878578511e-03,
       9.9997327173509543e-01 ]
R2: !!opencv-matrix
   rows: 3
   cols: 3
   dt: d
   data: [ 9.9990130039166936e-01, -1.4006993695407550e-02,
       -1.0925212425222470e-03, 1.4000544506924695e-02,
       9.9988572509863427e-01, -5.7027622682348338e-03,
       1.1722749499026163e-03, 5.6869035155518496e-03,
       9.9998314230783247e-01 ]
P1: !!opencv-matrix
   rows: 3
   cols: 4
   dt: d
   data: [ 4.3964859374715638e+02, 0., 3.1932437133789062e+02, 0., 0.,
       4.3964859374715638e+02, 2.3945363616943359e+02, 0., 0., 0., 1.,
       0. ]
P2: !!opencv-matrix
   rows: 3
   cols: 4
   dt: d
   data: [ 4.3964859374715638e+02, 0., 3.1932437133789062e+02,
       -1.4697622415046644e+03, 0., 4.3964859374715638e+02,
       2.3945363616943359e+02, 0., 0., 0., 1., 0. ]
Q: !!opencv-matrix
   rows: 4
   cols: 4
   dt: d
   data: [ 1., 0., 0., -3.1932437133789062e+02, 0., 1., 0.,
       -2.3945363616943359e+02, 0., 0., 0., 4.3964859374715638e+02, 0.,
       0., 2.9912905729369360e-01, 0. ]
