%YAML:1.0
---
M1: !!opencv-matrix
   rows: 3
   cols: 3
   dt: d
   data: [ 5.3398795247911039e+02, 0., 3.2838647452766730e+02, 0.,
       5.2871082096447628e+02, 2.3684272829022564e+02, 0., 0., 1. ]
D1: !!opencv-matrix
   rows: 1
   cols: 14
   dt: d
   data: [ -2.5896599040441870e-01, -1.2618381509733806e-01, 0., 0., 0.,
       0., 0., -3.9963323194512251e-01, 0., 0., 0., 0., 0., 0. ]
M2: !!opencv-matrix
   rows: 3
   cols: 3
   dt: d
   data: [ 5.3398795247911039e+02, 0., 3.1377033179722014e+02, 0.,
       5.2871082096447628e+02, 2.4187045532011228e+02, 0., 0., 1. ]
D2: !!opencv-matrix
   rows: 1
   cols: 14
   dt: d
   data: [ -2.6296221163690792e-01, -1.2154510248729584e-02, 0., 0., 0.,
       0., 0., -1.9510571749433719e-01, 0., 0., 0., 0., 0., 0. ]
