%YAML:1.0
---
calibration_time: "Sat Aug 21 12:25:55 2021"
image_width: 640
image_height: 480
board_width: 9
board_height: 6
square_size: 1.
flags: 0
camera_matrix: !!opencv-matrix
   rows: 3
   cols: 3
   dt: d
   data: [ 5.3646257843427804e+02, 0., 3.4236863966199388e+02, 0.,
       5.3641495083467862e+02, 2.3554895298285558e+02, 0., 0., 1. ]
distortion_coefficients: !!opencv-matrix
   rows: 5
   cols: 1
   dt: d
   data: [ -2.7864436855854979e-01, 6.7166446851738670e-02,
       1.8241594689318546e-03, -3.4338966032794813e-04, 0. ]
avg_reprojection_error: 4.0902643987995124e-01
